0.00933938
-0.46757513
-0.58301731
-0.63470923
-0.11349743
-0.26430537
-0.00505982
-0.0616901
0.32281063
-0.13208963
-0.1377555
-0.03382512
-0.61537846
-0.63467255
-0.24577972
-0.75413899
0.30442953
-0.11782512
0.34942035
0.10800073
-0.08210421
-0.01762841
-0.15899201
0.09552131
-0.21175804
0.29514646
-0.14405467
0.40630253
0.28243546
0.4998099
0.18996476
0.06984575
0.11885275
-0.06389695
0.3891547
-0.04372564
0.00769315
-0.07083099
0.42057547
0.02403973
0.36117596
0.27037447
0.3455027
0.07520042
-0.21391178
-0.10215422
-0.14631276
-0.2519285
0.27668656
0.30150961
-0.17075585
0.09156002
0.2243057
-0.12978041
0.14436694
-0.13035775
0.12568055
0.18621613
0.2834704
0.04485431
0.11526528
0.1430728
-0.33384171
0.25890951
-0.21757783
-0.30821547
-0.14848067
-0.19234845
-0.25405404
0.00013733
-0.08382039
0.12635383
-0.23435108
0.10009496
0.1717905
-0.16883755
0.18201776
-0.3478868
-0.07364019
-0.46703379
-0.32886882
0.29279274
0.24328984
0.48482332
0.22903697
-0.0480913
0.22104894
0.28007718
0.02760985
-0.28326661
-0.29528207
-0.18921685
-0.27978448
-0.02004123
-0.0202948
0.28472994
-0.16906617
-0.10638526
-0.16542672
0.13695388
0.06821609
-0.30699583
-0.21013683
-0.17497332
-0.25080082
-0.5695457
-0.07229927
-0.17148959
-0.1547715
0.20329732
0.39512774
0.41596722
0.58184962
0.42353527
0.30092351
0.25986177
-0.14065247
0.25805028
0.07322831
0.20816866
-0.03086647
0.44737891
0.41875434
0.47547118
-0.46443546
0.08729924
0.19209886
0.12294602
0.76777455
0.36887586
0.07883999
0.37715207
-0.37884071
0.16594575
-0.39153764
-0.22149204
-0.03874444
-0.23579124
0.12348166
-0.07120456
-0.03620832
-0.17240978
-0.10763053
0.0321689
-0.10167252
0.07977823
-0.38041841
-0.15658729
-0.32174792
-0.05554363
0.1358006
-0.03377445
-0.12780893
-0.19215013
-0.13616251
0.24560903
-0.0930893
0.07420963
-0.11738951
0.13204259
0.08589472
0.20925021
0.06145699
0.41106928
0.08454926
0.25145188
-0.55495105
-0.1448127
-0.46700758
-0.67599581
0.27908963
0.15807443
0.02929296
-0.11123696
0.09913997
-0.1311055
0.02925911
-0.18128086
-0.27214589
-0.09996473
0.38150335
0.08258726
0.43227287
-0.55714451
-0.18396429
0.45612413
-0.09138889
-0.2460481
-0.45846707
-0.55601006
-0.64486756
-0.40970878
0.04923056
0.65495173
-0.04812074
0.85023017
0.17910884
0.23168024
0.30222332
-0.27984117
0.24613165
0.03909193
-0.02458514
0.28427408
0.47659473
0.44867023
0.34361507
0.21484706
0.67276248
0.6270176
0.55074393
-0.44316006
0.05977677
0.19953557
-0.05879455
0.3884485
0.21738085
0.62525165
0.27294244
-0.08477181
-0.23358652
0.13024983
-0.33214789
-0.00765857
-0.41472568
0.14628033
-0.35494782
0.12654954
-0.12475797
-0.10525767
-0.03461305
0.2130596
0.0172272
-0.06683924
-0.02890691
-0.295082
-0.31266672
-0.53306132
-0.12686573
-0.85429191
-0.32559649
-0.33466594
0.03853295
-0.48998882
0.10451212
-0.10113037
0.31149718
0.17928125
0.20966818
0.20628793
-0.06781094
-0.05109867
-0.01646183
-0.29732232
-0.00401575
-0.29917577
0.16820553
0.1805242
0.08614295
0.14111345
-0.17629805
0.05069271
-0.17015451
0.04645829
0.68944831
0.97809536
0.49253946
0.53880109
0.00817059
-0.23284916
0.29828926
-0.14583066
0.05559541
0.02857539
-0.02802294
0.04615598
-0.15353249
-0.11132977
-0.24556617
-0.05533713
0.08600458
-0.08950397
0.48716631
0.02867715
-0.07421456
-0.36949025
-0.08916782
-0.2598498
-0.01717226
-0.2555444
0.00097323
-0.03645055
-0.21798296
-0.36490516
-0.48161626
-0.26345368
-0.18601631
-0.21875969
-0.24800873
0.10712114
-0.14204081
0.12649046
-0.18199065
-0.10889424
0.10451114
0.41968782
-0.35455304
0.09916507
-0.42268839
-0.09945672
-0.28143187
0.23196884
-0.24223074
0.10379756
-0.291634
0.02801392
-0.20283262
-0.14088666
-0.22142667
0.02233958
-0.17459349
0.43095605
0.00082764
0.08058682
0.09945072
0.31636801
0.05734967
0.17589181
0.22967767
-0.00813403
0.06489996
-0.11830098
0.24324699
-0.01336255
-0.10422605
0.24143177
0.14004929
-0.25597224
-0.2356094
-0.21943484
0.03402751
-0.08346242
-0.32983659
0.59624409
0.0330861
-0.43324231
0.17151661
-0.22862358
0.24224953
0.48350439
0.05186406
0.18592539
-0.11194
-0.18297861
0.02994928
-0.41346932
-0.73626203
-0.12899272
-0.12998129
0.37882835
0.08711121
0.47898759
-0.0416599
0.26654583
0.08396122
0.09771274
0.16624375
0.80751709
0.21879884
0.2806419
0.02032677
-0.57253613
-0.06994095
-0.34126797
-0.38187007
-0.54361463
0.06160516
-0.24545498
0.13296077
0.16055223
-0.27044861
0.40660033
-0.37260029
-0.60649465
-0.1947494
-0.46275718
0.55027253
0.25858802
1.03827105
0.50866508
0.6163042
-0.34276634
0.0014019
-0.01842246
-0.2540985
-0.06824877
-0.18079689
0.22079708
0.04322694
0.4603955
-0.16910281
0.38948376
0.04594897
0.20481389
-0.23541091
0.24149985
-0.66669047
-0.20973602
-0.21318256
-0.47144716
0.1274201
0.01184962
-0.04467114
-0.00882482
-0.39970228
-0.30066344
0.23652933
0.26968658
0.10340453
0.1347721
0.02092349
0.05200831
-0.56608479
0.12571766
0.06172537
0.11800584
0.11462567
0.30961354
-0.70346231
-0.17849786
-0.44394048
0.0509903
-0.22049661
0.32569334
-0.56097921
0.12873981
-0.08433574
-0.20804967
-0.53379853
-0.30651721
-0.15497955
-0.20876437
-0.39208826
0.31404382
0.64465855
0.26085107
0.51211682
0.48438406
0.70429877
0.58416227
0.38788412
0.14544293
0.13741766
0.06469313
-0.34803331
0.50665137
0.3166399
0.5501994
0.19342288
-0.14900575
0.1674557
-0.09183637
0.13776046
0.1090014
-0.20545621
-0.32207348
-0.16325803
-0.66539702
-0.26782654
-0.30323193
-0.30761857
0.45338294
0.24216338
0.49777447
0.19814595
-0.37603101
-0.19239439
-0.70907228
-0.30801223
-0.34527883
-0.52398221
-0.03719889
0.03703074
-0.03366422
0.21458498
0.07406401
0.37658055
0.21543276
-0.00702387
-0.48529086
-0.73609965
-0.31507723
0.23924957
0.54185124
0.58024019
0.30261834
0.01477595
0.12151106
-0.70581429
0.32492341
-0.09903833
-0.2097561
0.04460684
0.05748669
0.18996396
0.20312307
-0.2692717
0.23896501
0.39800807
0.35856359
0.41234206
0.58197484
-0.3079537
-0.22895017
-0.24141628
0.02511435
0.42339568
0.31215084
0.33643659
0.19628842
0.36218454
-0.28040481
0.21856751
-0.40751202
-0.06526099
0.32945095
0.01445542
0.00366444
-0.51731925
-0.60295405
-0.76634321
-0.83178734
-0.39296549
-0.12844795
-0.5344395
-0.33224831
0.18618908
0.14827653
0.6976404
0.47879982
0.48788375
0.39514292
-0.24886901
-0.56830801
-0.20452111
-0.13802683
0.19098529
-0.19168303
0.39995272
0.01726563
-0.10678286
0.16468757
-0.13098391
0.08986959
-0.19439615
-0.08353733
-0.08234096
-0.0730121
0.12095429
-0.30288432
-0.1171799
0.24053376
-0.02022377
-0.16495254
0.1725119
-0.18514854
-0.0311327
-0.34952608
0.22551024
-0.10212635
-0.1407653
-0.05408925
0.21641068
-0.11625488
-0.24334807
-0.18007929
0.20406508
-0.39879604
-0.33110111
0.03950921
-0.05520696
-0.2113275
-0.05516905
-0.24492393
-0.20724726
-0.48683841
-0.03310381
-0.41243878
-0.00450855
0.00728755
0.04287197
-0.03886
0.49540876
0.45417306
-0.14308825
0.48214737
0.24515452
-0.03689554
0.00169489
0.29983203
0.21522708
-0.06831852
0.43175201
0.04224101
-0.03018263
0.2597079
0.28857346
0.31393318
-0.02909918
0.39454707
-0.11019232
0.14082913
-0.52408918
-0.11819771
0.47710314
0.18424371
0.02547844
0.53402856
-0.46447626
0.37691766
-0.71090456
0.36869543
0.44275481
0.62197408
0.04995379
0.51911752
-0.469075
0.19974484
-0.45832388
0.26126118
0.40570203
0.31453309
-0.03167459
0.60103013
-0.25560844
-0.45771332
-0.74445371
-0.49378848
-0.04236906
0.11465156
0.05821866
0.26103677
0.31101365
0.23407301
0.27265955
0.17281753
0.19190688
-0.04625201
0.4192046
0.51529551
-0.63820041
-0.26867613
-0.58087735
-0.84965212
-0.55195376
-0.25520762
-0.33022957
-0.2017858
0.2448599
0.08165065
0.35992011
0.01034521
0.23499962
0.21979705
-0.13092999
-0.7006066
-0.29326984
-0.05400217
0.46722767
0.0082792
0.08118527
-0.05141041
0.16940042
0.17631626
0.08147787
-0.28748757
-0.25628542
-0.11678535
0.07466337
0.51562286
0.52127051
0.09590513
0.25860199
0.25638439
0.211221
0.09964708
0.20062041
0.1415011
0.3097556
-0.15504575
0.24033508
-0.08011124
0.20036741
0.09099802
0.03807159
0.25481341
0.41887638
0.20021905
0.62555672
-0.3108097
0.1814388
0.06130645
-0.0396226
-0.08797281
0.15608122
-0.00527611
-0.09561076
-0.33553537
-0.34133312
0.0814431
-0.3134765
-0.30640723
-0.27619418
-0.14297011
-0.15263137
-0.11157074
-0.16059115
0.01879066
-0.01193339
0.01901874
-0.00091811
-0.13902204
0.25336306
-0.11427039
-0.24079081
-0.28060609
0.06273258
-0.33503955
-0.13961544
-0.42344279
-0.05966785
-0.64336628
0.25515695
-0.37643249
-0.02406315
-0.57731538
-0.01165481
0.01586836
0.39101246
0.06789975
0.20945351
-0.26296979
0.21507254
-0.39104972
-0.01115323
-0.26335229
-0.08902856
-0.44083557
0.32517671
0.00779252
0.2119888
-0.01956366
-0.14514765
0.07922945
0.1956173
0.13676195
0.23849786
0.00197579
-0.00092609
0.24691614
0.49403145
0.31851569
0.21061285
0.40670347
-0.26569316
-0.27867997
-0.48835311
-0.40507699
-0.02768948
-0.17409117
-0.03360373
-0.0700614
-0.18798052
0.1767339
-0.0159518
0.05634175
0.18098727
0.47423903
0.20963444
-0.01866631
0.06551988
-0.04329078
-0.45168642
0.00719526
-0.00726383
-0.19990325
-0.03939911
-0.34576174
0.17891
0.27566828
-0.26512113
0.08213085
0.19612208
0.67890382
-0.45709443
-0.20235974
-0.25182485
0.04594038
-0.14982994
0.59013509
-0.12955411
0.3554272
0.29692823
0.06728685
0.12727706
-0.23186922
-0.58634384
-0.03323703
-0.65657935
0.39731922
-0.18862809
0.28725456
0.05088008
-0.44039615
-0.57039487
-0.50639388
-0.38287092
-0.02916029
-0.01178353
-0.21795136
0.30935353
0.18446167
0.17021319
0.06919671
-0.19801604
-0.35803622
-0.75912999
-0.1733951
-0.41256895
0.19089579
0.17084203
0.10797442
-0.05627061
-0.03052224
0.59512442
0.25219475
0.81971931
0.38489073
0.37666158
0.43285569
0.56934697
-0.29637712
0.07043279
-0.3060636
-0.61953528
-0.27945784
-0.11037163
0.41083367
-0.33941619
0.43193073
-0.19186585
0.10342977
0.15478446
0.47480362
0.16858598
0.33779213
-0.13196209
-0.02836269
0.19757907
0.15689722
0.38856514
0.04790418
0.05181392
0.3057139
-0.09188191
-0.31216921
-0.15789799
0.09068592
-0.21766962
-0.08080759
0.0067415
-0.07807925
-0.00807156
0.05864072
0.30000384
0.42555537
0.36443942
0.5468469
-0.25556669
-0.05271833
0.07387321
0.18342466
-0.07689671
-0.13530466
-0.20626936
-0.3066225
-0.52676748
-0.15119045
-0.36473362
-0.15315235
0.15623866
0.34936489
0.38722927
0.16846505
-0.16422614
0.31121287
-0.11644508
0.14291497
-0.40023256
-0.21257924
-0.15320579
-0.27130921
-0.02039125
0.20313332
-0.26766057
-0.40619757
-0.11148871
-0.0116802
-0.12254839
0.01932966
-0.25525873
-0.24131517
0.19840336
0.01423469
0.43507287
0.41080407
-0.39558204
-0.09007496
-0.58319044
-0.02705042
0.14664284
0.04571276
0.08810372
0.55075783
0.09270765
0.29492909
-0.06275328
-0.54643345
-0.41711637
-0.11632433
-0.7949432
0.5565933
0.09340873
0.36440051
0.45087025
-0.35912922
-0.27390568
-0.03893832
-0.08540135
0.32534047
0.10553695
0.63038493
0.4399667
0.24988378
-0.00826602
0.50994397
0.00695361
-0.50150203
-0.48380766
-0.25789922
-0.47690438
-0.02700184
-0.30532369
0.03059363
-0.07197972
-0.37204769
0.10469061
-0.01389961
0.43525272
0.46759356
0.203306
0.44562355
0.28116869
0.00084029
-0.32086604
-0.58258302
-0.77900203
-0.23070113
-0.25464463
0.02985964
-0.19072782
0.19648316
0.29561681
0.07521715
0.35962062
0.37919198
-0.36303835
0.05842948
-0.14815109
-0.08848601
-0.30023775
-0.29332602
-0.46968173
0.00161596
0.00931674
-0.26880469
-0.19894458
-0.5312016
0.11417026
-0.02926555
0.06477415
0.06557256
0.04326949
0.42601547
-0.33032256
0.00353058
0.23674635
1.02884711
0.44481613
0.78866041
-0.03493267
-0.20251655
0.09019151
0.08604434
0.26251367
0.13127345
-0.12652766
-0.1045679
-0.24045309
-0.39544976
-0.38947706
-0.30519277
0.11294052
0.04968928
0.12386539
0.05670153
-0.00852884
-0.31651825
0.34514164
-0.16369191
-0.02512445
-0.34501635
-0.28041161
-0.2098698
0.72638604
0.35421772
0.14562415
-0.101499
0.59864977
-0.2481331
-0.13197104
0.56006012
-0.17494266
-0.09137767
-0.01611087
-0.31185588
0.31656504
0.36445018
-0.0754721
-0.31904611
-0.00418365
0.08799131
0.24162985
0.47846458
0.11622963
0.21115455
-0.31729268
-0.26850612
-0.08922217
-0.61481673
-0.45652943
-0.12280205
-0.39347082
0.15416184
-0.17591417
0.09611457
-0.06445609
-0.15346113
-0.12657404
-0.09955423
0.23466703
-0.14065586
-0.38089508
-0.11757192
0.23891751
-0.26135762
-0.45956309
-0.19953401
-0.17246918
-0.37206925
-0.25329982
-0.24231971
-0.09871253
-0.28008731
-0.04410322
0.35295395
0.18171377
0.22338193
0.02185118
0.0345365
-0.20080544
-0.03803398
-0.30283827
-0.33407682
-0.6620165
0.48799004
0.74631776
0.30081352
0.33588625
-0.01135599
0.54458417
0.70401265
0.15468091
0.61331857
-0.07791414
0.21594233
0.10578859
0.68342809
-0.28215829
0.73552689
-0.14423523
0.59093176
-0.11258304
0.13801719
-0.15957701
0.20359225
-0.27388551
-0.18533042
-0.00299076
-0.25713652
0.20116961
0.40842563
-0.00720733
0.30150335
-0.48887757
0.28567992
-0.5313717
0.00621347
0.58507455
0.89390377
0.553246
0.8610972
0.04198788
-0.28799684
-0.19053122
-0.488202
-0.34407383
-0.22628481
-0.38371391
-0.13866065
-0.29963324
0.07636709
-0.49885331
-0.23352641
0.31490504
0.26241219
0.11085964
0.24700951
-0.12250568
-0.08093144
0.18380945
-0.14608116
-0.66089682
-0.3010404
-0.23611711
-0.33801748
0.42777111
0.52397286
0.0532787
-0.05079937
0.07954105
0.04992485
0.08117115
0.22617515
-0.23131572
-0.45246102
-0.05517917
-0.09565227
-0.13574
-0.24259629
0.03156323
-0.28367907
0.11379379
-0.1775197
-0.09804083
-0.30508894
0.09169342
-0.11625019
-0.04929102
-0.26040435
-0.18946531
0.0750774
-0.14196329
-0.0191819
-0.04746722
-0.09021949
0.55705716
0.23036457
0.39188355
0.46416901
0.49704398
0.81475244
-0.0020534
0.31498276
0.27896666
0.20318096
0.34710528
-0.07787775
-0.15710904
-0.13944375
-0.61956455
0.05851597
0.34968717
0.07289521
0.50716029
-0.04944566
0.38076798
-0.0126805
-0.08519367
0.38375408
-0.1661696
0.28562377
-0.4483167
-0.15415937
-0.39342047
-0.23797796
-0.56047598
0.25854416
-0.37819723
-0.28688285
0.15973275
0.46046959
-0.18577175
-0.6339686
0.43302748
-0.06149571
-0.16421633
-0.18935906
-0.51294501
-0.22392011
0.30838566
-0.07808632
-0.16052883
0.11785207
0.47384281
0.17116615
0.25798433
0.28141328
-0.06519119
0.35473362
0.10255575
0.29528123
-0.17197058
-0.20564589
-0.05082316
-0.63004447
0.0833782
-0.58081812
0.00971154
-0.11503362
-0.60096664
-1.12091712
-0.20625591
-0.68077379
-0.06482385
0.09523544
0.19436269
0.31395915
0.0544979
0.08245574
0.03935664
-0.10418227
-0.11965642
0.40099916
-0.01520505
0.30794196
-0.34340969
-0.1848937
-0.06302287
-0.05662396
0.65348933
-0.06263616
0.64123105
0.32948808
-0.06558011
0.23072011
0.29105368
-0.15771429
-0.13372402
-0.47268417
0.23971087
0.21345893
0.0405881
0.13923295
-0.49740042
-0.41187952
-0.10585702
0.24688834
0.38620253
0.0802709
0.08890099
0.37857546
-0.17259849
-0.00160097
0.14189076
0.22412769
0.27904679
-0.07056164
0.06571246
0.04347763
0.25918334
0.47131258
0.40989864
-0.19059916
-0.42173132
-0.00523154
-0.33191552
-0.233468
-0.51015015
0.12441402
-0.23126022
-0.89124846
-0.46633183
-1.18381712
-0.89310435
-0.2599218
-0.24864422
-0.19770598
-0.12704409
-0.74038355
-0.64023762
-0.35097674
0.17146056
-0.19686023
0.54649229
-0.05782034
0.5115057
0.27090375
-0.14855962
-0.17685217
-0.21065614
0.58653604
0.22950266
0.40179877
0.26829093
0.59707031
-0.23890194
0.4368798
0.13449699
-0.0302102
-0.06501832
0.35708509
0.27773847
0.12279255
0.34910036
-0.08212621
-0.03727809
0.48098117
0.57519281
0.26109608
0.30731383
0.12893847
0.07493811
0.63051471
0.07229687
0.22702448
-0.10935507
0.28773968
-0.37536429
0.94189977
-0.04743872
0.36138853
0.38857316
0.15910121
-0.42308643
0.43692816
-0.17787022
0.0294744
-0.41168103
-0.48940526
0.23006647
-0.44913705
-0.9706118
-1.11981295
-1.3262574
-0.66325183
0.36544107
-0.0458102
-0.10353552
-0.64744705
0.10475131
-0.06145599
-0.44983792
0.02523543
0.1491242
1.26494567
-0.04728693
1.31212493
0.06240568
0.13497534
0.55265829
-0.21079209
-0.55372483
0.07702187
0.39454134
-0.0788073
0.00302864
-0.24371627
-0.09321916
-0.01274616
0.13080189
0.28979908
0.60570143
0.12512051
0.36832931
0.24285651
-0.16043338
-0.32932455
-0.16181756
-0.23134954
-0.01985934
-0.41342382
0.3790516
0.24617039
0.08920476
-0.10581193
0.05642832
-0.13132184
0.09530891
-0.05776757
-0.00342672
0.42751499
0.12212622
0.22463593
0.14222708
-0.55549533
-0.32500062
-0.02274375
-0.39921186
-0.03058705
-0.50155704
-0.0461062
-0.32248795
-0.92480931
-0.97417483
-0.83079788
-0.96219167
0.055031
0.34853043
0.06004692
0.06336183
0.153295
-0.05502582
0.26993889
-0.05180377
0.53028849
0.89980448
0.39088222
1.02172443
0.07518272
-0.11203355
0.05834441
-0.38167845
0.6650707
0.59993165
0.59989699
0.48356084
0.82376087
0.13843368
0.33249619
0.37138922
-0.18450941
-0.23653771
0.09870089
0.03140316
-0.03580506
-0.19537248
-0.65644393
-0.28460219
-0.43173979
-0.47687857
0.09605706
-0.10562907
-0.16919732
-0.50819517
0.06667625
-0.45980104
-0.24705649
-0.0059692
-0.06799894
0.317728
-0.16918588
-0.24223503
0.31949002
-0.07392834
0.57028958
0.23798767
-0.36388968
-0.21462289
0.05655913
0.04535679
-0.04543041
-0.21325834
-0.06433016
0.28566669
-0.05505575
0.30149185
-0.26599212
-0.27936031
-0.38208767
-0.47719984
0.01167817
0.06899328
0.21376111
0.18949591
0.11442457
0.53706856
0.16614881
0.58254292
0.23334194
0.13161196
0.00122668
0.29686541
0.33518421
-0.15906569
-0.70505932
-0.25658774
-0.27949825
-0.07679109
-0.48012102
-0.31109122
-0.41658955
0.12326936
-0.05838468
0.70398792
0.62317894
-0.10375033
0.64741698
-0.25839362
-0.42019215
0.04575444
0.2660814
-0.113322
0.03501921
0.24614614
-0.24754729
0.20668281
-0.52684292
0.21182817
-0.44741231
-0.80111086
-0.85596223
-0.76209841
-0.36077185
0.34686137
-0.5449644
0.51126965
0.37322554
0.13031466
0.04892033
0.09819513
-0.1982738
-0.14541754
-0.21325485
0.00294611
-0.09696253
-0.06588681
-0.47187577
0.32731276
0.01660304
-0.54541241
-0.84504445
-0.7861078
0.39571308
-0.16419286
-0.173021
-0.53665528
1.03471057
0.32452498
1.10466022
0.16614219
-0.71141018
-0.08515018
-0.74819936
-0.29565795
0.3638099
-0.14010098
0.29558028
0.72620557
-0.64777504
0.51894731
-0.10093974
-0.28494502
0.33886777
0.33122858
0.81062248
0.68035114
0.5455115
0.26452442
0.38647762
-0.07262775
0.75299044
0.09674231
0.23387764
0.02577435
0.20419963
0.0546925
0.14006336
-0.60179839
0.40656545
0.2723606
0.38828624
0.14936223
0.38534383
-0.10457074
0.40009002
-0.53446731
0.5585143
0.24796736
0.52402839
0.11754249
0.55700593
0.26377121
0.06947389
-0.355632
0.10103723
0.30194415
0.41855665
-0.24930703
0.47499001
-0.60154492
-0.90337697
-0.88642335
-0.21385569
0.17821504
-0.38921821
-0.09402272
0.06105103
0.19118166
0.30793082
-0.03919293
-0.05818043
0.26416883
-0.05140253
-0.12453469
0.50185856
-0.69636519
-0.66777424
-0.57084099
-0.42777202
-0.3245477
-0.04475515
-0.35407613
0.00180468
0.21717293
0.21339646
-0.03444811
0.08984279
0.11182077
0.38874518
-0.20973244
-0.82686372
-0.03253377
0.52371394
0.4987113
-0.19308568
0.20911322
-0.53776698
0.02343968
-0.77716869
0.46108615
-1.5803474
-1.33475848
-1.61249523
-1.36542698
-0.23827685
0.65628131
-0.47886958
0.74485871
-0.30219314
-0.00277535
-0.20207869
0.20751221
0.23840542
0.14253046
0.36907408
0.16185354
0.31326321
0.13951066
0.44904643
0.17509128
-0.65669108
-0.23284453
0.18212171
-0.14020673
-0.24125972
0.19681561
-0.18505538
-0.16551597
0.86960052
0.80160367
1.17737555
1.03318266
0.20647379
0.11519285
0.41859066
-0.11645708
0.38947674
0.29726777
0.23386436
0.09141668
-0.58902864
-0.70198071
-0.70798389
-0.67021844
-0.10499621
-0.07639523
0.64584964
0.68970547
1.33817777
0.58602611
-0.05603373
-0.07590171
0.21043223
-0.28719005
0.22178234
-0.14727739
-0.19971536
0.64780518
-0.55451133
-0.18167929
-0.57089403
0.09436868
0.22300713
-0.24668648
0.1537827
0.35473913
0.22044716
-0.00589418
-0.05427418
-0.00924888
-0.10523598
0.30920236
0.06757809
0.25003771
0.16672637
0.1928899
-0.05678803
-0.27969622
0.05960842
0.38332285
-0.11227997
0.21709432
0.45474109
0.09019724
-0.16049855
0.04424916
0.3954522
0.19087954
-0.28174091
-0.10624347
-0.38530137
-0.25021096
-0.50291854
-0.14766043
-0.27275954
-0.05889507
-0.05525592
0.10651788
0.45109116
-0.11416319
0.10752489
0.24465678
-0.41668788
0.04735728
-0.2763938
0.10402721
0.16140341
-0.31558938
-0.60067246
-0.82123952
-0.13458365
-0.07325989
-0.21368337
-0.06473572
0.4001414
0.82877077
-0.05974764
0.52180983
0.61399202
-0.52731724
-0.14750256
-0.26389129
0.20231788
-0.3498277
0.14320093
-0.33607354
0.35013559
0.22395042
0.17721482
0.11998546
-0.15857181
-0.05116861
0.09772799
-0.15053921
0.11108929
-0.27492715
0.17081602
0.02427194
-0.32476879
-0.70157822
-0.65475817
-0.66639694
-0.24323772
-0.0100348
-0.6965008
-0.64167891
0.0352627
-0.05315751
-0.26306282
0.11042589
-0.27245293
-0.453158
-0.59378404
-0.42270937
0.15758387
-0.04545056
-0.45225442
0.28335108
0.29828148
0.46818512
-0.02331187
0.83340061
0.66077903
0.14330187
0.38757971
0.45436054
0.21298677
0.18064605
-0.54219831
-0.26955615
-0.62613422
-0.11115239
0.74079301
0.35973866
0.61383087
0.4647783
0.57112192
0.39153416
0.72451205
0.67834889
0.49193177
0.07900649
0.18078706
0.37596156
0.24932051
0.7330674
0.12100425
0.31120496
0.56353631
-0.08240358
0.23053058
-0.01950824
0.17122255
0.13856435
0.01115566
0.23877707
-0.0005446
0.27647674
0.1438696
-0.17337645
-0.27604097
-0.23115967
-0.30822379
-0.13124277
-0.04196528
-0.19443999
0.15773326
-0.1693039
-0.13531026
-0.21505251
-0.12160413
-0.66820598
-0.32442073
-0.47659169
-0.40947988
-0.20552709
-0.1464374
-0.3671585
-0.2366445
-0.51063702
0.08643904
-0.27037451
0.1782216
-0.5391515
-0.22608566
-0.29292638
-0.14291328
0.23958213
0.64144291
-0.35209536
-0.25350589
-0.40488021
-0.31200726
0.38153859
0.12685675
-0.08773292
0.33247566
0.47737345
0.17520744
0.53531532
0.55302773
-0.59664638
-0.01105639
-0.48407555
-0.10207234
-0.2660108
0.52422642
-0.06202438
0.5603495
0.38674791
0.16816049
0.12663275
-0.19841971
-0.14728281
0.46777232
-0.21956673
0.08614252
-0.27469576
0.13977463
0.22707802
-0.01104702
-0.34831875
-0.0785497
-0.05015326
0.02568943
-0.05411726
0.28464507
0.08476878
0.11152151
0.01100452
0.33712963
-0.08165719
-0.33448464
-0.6301107
-0.12983624
-0.49844885
-0.09281491
-0.2085356
0.23961667
-0.46403477
-0.0198904
0.2918476
0.08487889
0.31703096
0.11861969
0.084758
0.19052533
0.23445716
0.09664993
0.14224854
-0.2871508
-0.4555758
-0.60042046
-0.59449612
0.08829745
0.22321398
0.32576906
-0.14412042
0.139508
0.13567296
0.63784828
-0.75336099
-0.0146248
-0.09827135
0.04814532
-0.3565971
-0.10346847
-0.58500185
-0.27227423
-0.40423584
-0.50406908
-0.27733127
-0.44386141
-0.00478043
-0.22688691
-0.2834706
-0.15841523
0.40036764
0.86225568
0.19518893
0.56680606
0.89581912
0.77170718
0.41795184
0.65946557
0.36671528
0.54530208
-0.00805008
-0.01988919
0.80489947
1.04006379
0.43246866
0.95882918
-0.68673132
-0.42030327
-0.78239202
-0.55002736
-0.21379292
-0.03510942
-0.06767064
-0.06585145
-0.64778603
-0.71129285
-0.58316852
-0.66322858
-0.123957
-0.14085556
-0.33750469
-0.15169502
0.29834605
0.41110928
0.1443503
0.18849101
-0.12834859
0.11778047
0.04435041
0.40119967
-0.12310891
0.23675646
-0.01477922
0.24212842
-0.08830569
-0.0066502
0.09431691
0.5205572
0.36076994
-0.20415977
-0.27584919
-0.2981361
-0.4643702
-0.19284494
-0.35786297
-0.30112632
-0.2821305
0.45607933
0.17762552
0.42162482
0.28012126
-0.21035424
0.1046258
-0.103158
0.00979704
-0.00057053
-0.23977409
-0.01581797
-0.12984324
-0.07921267
0.03777077
-0.25098041
-0.32848755
-0.01985106
-0.15738738
-0.05265916
0.03167977
-0.3734434
-0.45360001
-0.37645001
-0.31731312
-0.00809292
0.01132808
-0.45148696
-0.41890592
0.16883573
-0.14941231
0.17272992
-0.0185076
-0.23097806
-0.00787377
-0.14139248
0.08422902
0.76052242
0.64036202
0.23292497
0.15227739
0.13074275
0.15529524
0.46155185
0.52894656
0.60325965
0.24200423
-0.18682938
0.26801041
-0.00247612
-0.2629265
0.9120733
0.14128713
0.65445219
-0.13094635
0.08050556
-0.11085092
0.14428076
-0.56211684
-0.18534036
-0.21223949
-0.32198064
0.24121487
0.26666115
-0.14240118
0.32121288
-0.02350259
0.38545801
-0.16204888
-0.021757
0.25103442
0.37216362
-0.12740781
0.2855871
0.00983963
0.29724592
-0.12685851
-0.08084848
0.38910698
0.67028078
0.21240801
0.56417714
-0.67603727
-0.09928256
-0.84413763
-0.28066489
-0.04289911
0.09815713
-0.25437682
0.10385076
-0.61906467
-0.36985338
-0.73359899
-0.67553374
-0.1146465
-0.04888007
-0.33774651
-0.27898953
0.31023436
0.40464082
0.04347481
0.09007015
-0.01665857
0.07737948
-0.01603182
0.38877719
0.10724363
0.12773524
-0.15017667
0.28165355
-0.20240229
-0.62172992
0.04290813
0.51618406
0.32814241
-0.37246389
-0.3258843
-0.50489534
-0.31026253
-0.50836163
-0.59820298
-0.04262778
-0.10009384
0.595353
0.21080417
0.52255753
0.37507807
-0.0191881
0.6691622
0.15771789
0.47681278
0.13089187
0.1992519
0.21324938
-0.00784135
0.05884406
0.41962389
0.19476882
-0.23134471
0.2750975
0.41614916
0.24550472
0.45252123
-0.44980426
-0.21799034
-0.35415711
-0.2066895
-0.27886787
-0.07073942
-0.18350329
-0.29417831
0.16290693
-0.0943738
0.3005685
-0.02170696
0.11392186
-0.05749681
-0.20224144
0.05632138
0.38456009
0.45194054
-0.12301244
-0.17023119
-0.32880771
-0.40894343
0.19307755
0.47485952
0.07989602
-0.08225398
-0.98663894
0.12915199
-0.67329393
-0.58637588
-0.09988798
0.01137912
-0.01461009
0.64827695
0.48460775
0.12883085
0.47739442
0.19049387
-0.05689106
-0.1229617
0.28606025
-0.17228597
-0.21196885
-0.09169839
-0.25530198
0.05034966
-0.00046264
0.16324806
0.01683752
-0.03744672
0.07245211
-0.28633102
-0.09237
0.23369732
-0.33513704
0.10627529
0.4582656
-0.20232796
-0.0047745
-0.28604989
0.20306654
0.54960929
0.06792101
0.57357637
0.18963472
0.12294555
-0.00889506
0.29418809
0.20296229
0.1444308
-0.37432
0.12491418
-0.10759705
-0.15249403
-0.04403255
-0.05898286
0.09113524
-0.38884063
-0.24991136
0.13160086
0.37710837
0.44278034
0.30538062
-0.50288127
0.03316026
-0.73968374
-0.1864352
-0.42717021
-0.67307918
-0.41137848
-0.00667126
-0.22799497
-0.1192481
0.03048755
-0.13518073
-0.01208782
-0.12620593
-0.02533739
0.02113138
0.04847709
0.00258315
0.31648331
-0.08231141
-0.29692725
-0.10088373
-0.28254949
0.0181473
-0.13192271
-0.17398958
-0.0693191
-0.2142522
-0.22937453
-0.57863813
-0.40384595
0.36242614
-0.32222478
0.02521116
-0.01815417
-0.35905926
-0.37523691
-0.22927046
-0.27815358
0.37416495
-0.24794857
0.28107134
0.26478837
-0.00696108
-0.10055646
-0.01464084
-0.02481657
0.2443853
0.22994794
-0.02154389
0.540185
-0.16034901
0.32535274
0.07520083
0.67341897
-0.13736207
-0.26567077
0.39028106
0.29601688
0.3548783
0.46147203
0.26161639
0.11229311
0.44276038
-0.14903381
-0.1921353
-0.15339519
0.12047234
-0.32524064
0.56193009
-0.01467332
0.47629216
0.54682526
0.85273115
0.21313395
0.52590369
-0.08205352
0.22244732
-0.10401458
0.39914411
-0.12371309
0.11799832
0.00466069
0.19656555
-0.11531059
-0.44785103
-0.25962968
-0.36699901
-0.67923179
-0.26497399
-0.26725541
-0.35615182
-0.02561108
-0.70541879
-0.07411585
-1.02264385
-0.52651076
-0.41197739
-0.88569392
-0.16190889
0.67721686
0.84715067
0.71703578
0.72738533
0.49960237
0.30946747
-0.25288435
0.3078068
-0.13254186
-0.12837187
-0.11953024
-0.35388807
0.04326788
0.33334756
-0.07123215
0.37940043
-0.00701263
-0.37144865
0.59147509
0.35422944
0.3802695
0.31863251
-0.31507119
-0.2715903
-0.31375003
-0.58690472
-0.1296685
0.10577939
-0.4348258
-0.00160998
-0.35752244
-0.20547152
-0.27935774
-0.07846756
0.07727412
0.32058356
0.06892933
-0.05821551
-0.1944168
-0.13238983
0.26923098
-0.42191473
-0.53955418
-0.23176345
-0.26872187
-0.01757165
0.05939745
0.00402576
0.28512483
-0.4117062
-0.26563666
-0.32222552
-0.50392685
0.39874251
0.06791439
0.43143696
0.38168143
-0.05034422
-0.31289229
0.38634753
0.12786499
0.52159333
0.03140244
0.45309648
0.24041173
0.28003087
-0.07703567
-0.14167782
0.06786679
-0.17784395
-0.16118705
-0.18357383
-0.03273007
0.48364917
0.20124396
0.37589293
0.58658126
-0.1353868
-0.24234614
-0.09460581
0.12534859
0.19935607
0.14780748
-0.01297981
0.12030776
-0.18557973
-0.23916746
-0.10631694
-0.17519641
-0.09380619
-0.66581895
-0.3484192
0.0558958
-0.22122075
0.79192364
0.8002727
0.41674241
0.63917459
-0.12150753
-0.7093212
0.15967988
-0.25843344
0.33192479
-0.09026083
-0.31547975
-0.23637196
0.93140896
0.2357878
0.71545904
0.03284072
-0.14256471
-0.14030163
-0.38413494
-0.37161424
0.93387164
0.635343
0.50434506
0.76497748
0.73829117
0.62825301
0.46121784
0.63044853
-0.11851342
-0.56765492
-0.15822159
-0.67400034
-0.28659415
-0.30892475
-0.20260639
-0.36175697
-0.56452213
-0.7522628
-0.69162209
-0.80770789
0.46018453
0.14931507
0.18177829
0.24513041
-0.26242529
-0.64050068
-0.02769304
0.06866496
-0.40476501
-0.06489609
-0.15095229
-0.55579626
0.02729918
0.61297149
-0.26381309
0.25948662
-0.54201028
-0.20590489
-0.05643418
0.34211354
0.0370564
0.25269486
0.4541654
0.10383377
0.28789059
0.12117876
-0.47477906
0.21471896
-0.14355138
0.54990616
0.44676342
0.03573114
0.36399031
0.39887828
-0.27201663
0.28105342
-0.64310059
-0.60983638
-0.86108642
-1.04743171
-0.45867692
0.68161345
0.4692287
0.42112411
0.36641917
0.05683488
0.18041582
-0.05087551
0.2767908
0.26650876
-0.58748546
0.22955414
0.13837983
-0.49699435
-0.45998081
-1.16513063
-0.30450958
-0.03276586
-0.55755075
-0.57079026
-0.6352149
0.69648929
0.57882623
0.52434241
0.63568327
-0.31349364
-0.05689168
-0.11166509
0.0104991
-0.04679665
0.14003583
0.2190731
0.06542975
0.59309995
0.35913367
-0.50227192
0.18090527
-0.3151273
-0.22355066
0.14904663
0.13218499
0.14528559
0.76384068
1.00167799
0.43612847
0.87930482
-0.06614648
-0.3355416
0.0203435
-0.3745981
0.49956591
0.66413693
-0.1330721
0.53775596
0.37052736
0.18201928
0.43869291
-0.14842761
-0.58726452
-0.48801046
-0.71164484
-0.40852546
0.69159243
0.5142835
0.26278736
0.67752624
0.35302947
0.51096586
0.19455647
0.29757343
0.13218779
-0.18481646
-0.12123038
-0.27309349
-0.11244171
-0.15955969
-0.51632609
-0.06589018
-0.54256509
-0.44845529
-0.64767347
-0.41379503
0.53289418
0.82105067
0.33622746
0.54862053
-0.72410195
-0.57811364
-0.15456883
-0.17793097
-0.29790911
-0.24937855
-0.87058159
-0.63675431
-0.6882495
-0.11533375
-0.33649332
-0.14786542
-0.15389675
-0.89347497
-0.63330965
0.0648996
-0.12431036
0.15165035
0.57232857
-0.04759559
0.45735386
0.57424935
-0.34883087
0.24922495
0.19284711
0.33870013
0.37500222
-0.17567993
0.35744368
0.30805772
-0.0824681
0.57237813
-0.12080843
-0.23906718
-0.23960029
0.05616119
-0.67118526
0.71600587
1.00216455
1.21594493
0.84640912
0.32496951
0.47003266
0.21858966
0.67150483
0.048237
-0.4684507
-0.02221847
-0.11383567
-0.43348903
-0.36736109
-0.54001109
-0.49028318
-0.50476874
-0.39427342
-0.30971661
-0.34075151
0.63787062
0.57873601
0.40547211
0.60476119
-0.47445299
-0.41290711
-0.68620339
-0.32974472
-0.35665846
-0.33814384
0.07237647
-0.38296199
-0.35276874
0.26939942
-0.77388084
0.33950487
-1.02306343
0.20281025
-0.16007638
0.13725442
-0.34400395
-0.18376701
-0.439851
0.05676357
-0.03319419
-0.12179888
-0.03973628
-0.1883902
-0.47458124
-0.22125082
-0.32459723
0.0867986
-0.20427702
-0.09675797
0.11246683
-0.05079551
0.04797147
0.29527025
0.65951266
0.51359937
0.24586258
-0.26178018
0.10842293
-0.14570815
-0.03865927
0.16017035
-0.0958351
-0.03433631
-0.07421608
0.32131523
0.24756285
0.22345419
0.27218222
0.28289329
0.12005105
-0.03983805
0.03308761
-0.00396609
0.03313526
-0.01273816
0.10403891
0.19945334
0.26731249
0.22056459
0.05870111
-0.34988866
-0.69133013
-0.12528941
-0.01041585
0.04399823
0.12549536
0.35823831
-0.06654319
-0.28795967
0.03101511
-0.13692604
-0.14679418
-0.16410024
0.26251908
-0.02078312
0.51331122
0.13092983
0.06682411
-0.09469857
-0.54708481
0.0357811
0.14189103
0.02745447
0.09353719
-0.05705135
-0.04136235
-0.09112723
0.04522488
-0.12529024
0.17037287
-0.33797081
-0.11673051
-0.19667148
0.05388129
-0.24643451
0.51767656
-0.0769931
-0.40760199
-0.2794601
-0.05818709
-0.47302475
-0.07194977
-0.34172449
-0.28072088
-0.04038161
-0.10278127
-0.2510577
-0.19553946
-0.40693356
0.2681879
0.26803576
0.41141417
0.33006879
-0.13983369
0.32939186
0.11762445
0.48611182
0.04868918
0.29209439
0.26185688
0.14790677
-0.33654622
-0.22181776
0.10542969
-0.07737431
-0.24778139
0.05685617
0.40547514
0.33812076
0.34351224
0.22712828
-0.27077441
-0.29356286
-0.04805649
0.03895381
0.55311579
0.47359391
0.27455426
-0.11057335
0.35778747
0.37323295
0.5475979
-0.17005326
-0.09815873
-0.0208419
-0.03939211
-0.10090214
0.29029407
-0.02766783
0.11989194
-0.22748615
-0.13830348
-0.05101815
-0.09763877
0.05147873
0.27565856
0.23299104
0.14704351
-0.21193923
-0.0910753
-0.2222951
-0.11657851
-0.22754957
-0.19023429
-0.16643827
-0.1630074
-0.15734301
0.09419058
-0.29791493
0.21897228
0.12756201
0.22310168
0.04621332
0.23016499
-0.08215143
0.05890705
-0.26188488
-0.06984561
-0.18536866
-0.2623436
-0.44808452
-0.25967684
-0.61982596
-0.1672688
-0.03052615
0.21442831
0.20729817
-0.11714169
0.04396704
0.27843158
-0.06017046
0.02739104
0.01518165
-0.04012108
0.0088175
-0.1060621
0.05515092
0.5091231
0.24590863
-0.16899767
-0.09879162
-0.14418532
-0.04434979
0.42744275
-0.13065282
0.72551968
0.38786724
-0.18150904
-0.18049353
0.00333093
-0.25463764
-0.02702187
0.02278505
0.17517569
0.13093271
0.19444867
0.15873102
0.27768316
0.09348346
-0.09708174
-0.00372908
0.25867829
0.09436342
-0.05664954
0.26860546
0.18356358
-0.03418219
-0.37419715
-0.0440582
-0.43552908
-0.27184788
0.01411386
0.11320534
0.21727356
-0.16829885
0.0529128
0.12276559
-0.15246166
0.10573766
0.1274945
-0.16774826
-0.03039357
0.21348624
-0.30603773
-0.44935832
-0.26281236
-0.04679631
-0.34591153
-0.01808852
0.17422433
0.02675467
0.14792244
-0.03069216
-0.55849869
0.18087736
-0.51848789
-0.18052586
0.23708642
0.29690891
0.42424592
0.00279765
-0.20808422
-0.27161528
-0.13304987
-0.26356072
-0.0360094
-0.12278829
-0.19185824
0.20414365
-0.12714694
0.05749258
-0.15921724
-0.32538053
-0.59885813
0.17762522
-0.39864802
-0.42251438
-0.40181792
-0.72393068
-0.61903611
-0.44456708
-0.05541299
-0.18159802
-0.11487988
-0.06338953
-0.17348602
-0.16237262
-0.71479927
0.39237026
-0.38801573
0.06192736
-0.41083013
-0.0116374
0.39141363
0.61351459
0.33878974
0.69010159
-0.11585402
0.7468505
0.06585155
-0.2563233
0.01250094
-0.36284271
-0.397906
0.08085567
0.18455909
0.55632353
0.52434579
0.89302837
1.11786374
0.41374141
0.76970222
0.4946665
-0.02121121
-0.3304755
-0.19742712
-0.16163648
-0.82392759
0.51205027
0.40684143
0.80394816
-0.27338215
0.01965493
-0.89382932
-0.32276575
-0.5750425
-0.45662108
0.04380641
0.37968342
0.61992091
-0.11395069
0.32965324
0.17334763
-0.12798821
-0.14894207
0.15925304
0.1943046
-0.65635467
-0.50639221
-0.97707009
-0.76797119
-0.10279389
0.37501374
0.38171104
0.36392335
-0.17170489
-0.35244811
0.27570812
-0.26675672
0.26318468
0.10418674
0.4567166
0.07928714
0.10377919
0.16467842
0.46473497
-0.07259257
0.72320477
0.46806984
0.65379769
0.30453945
0.11361427
0.02133361
0.12762198
-0.13886653
-0.36545432
-0.38964298
0.15582781
0.30273721
0.76310983
-0.07140766
0.08381445
0.5891496
-0.19249113
0.01719717
-1.12005731
0.09275416
-1.20370621
0.2994583
-0.24477666
0.16647349
-0.25157655
0.22658716
-0.21688655
0.42195089
0.1600705
0.00544991
-0.19092904
-0.01060228
0.13191916
-0.3666595
0.12326869
-0.01350749
0.0662403
0.04804068
-0.18978421
-0.12938867
-0.00307588
0.3598112
0.23742606
0.18637628
-0.05496318
-0.12514932
0.41585543
0.18619606
0.18066116
0.08842075
-0.23265193
-0.03652339
0.14680066
0.19429505
0.157409
0.12131832
0.06725881
-0.01791768
0.08455075
0.17598991
0.02981939
-0.17123175
0.03402748
-0.07256462
-0.05102738
0.02216017
-0.02064012
0.20331297
-0.24423871
-0.25838529
-0.01659043
0.05363433
-0.49136824
-0.22714471
-0.04545821
-0.27037719
0.24276732
-0.3688318
-0.36629473
-0.09894092
-0.02935676
-0.020707
0.24229553
-0.16578833
0.24821997
0.03271253
-0.10583192
-0.31137242
0.17888685
-0.14555474
-0.0448522
0.04234123
0.30670171
-0.10053501
0.15005612
0.12898684
0.03162089
0.15568312
-0.24943402
-0.11981601
-0.18419343
0.13623268
0.0289454
-0.46228399
0.04911302
0.23215318
-0.05193655
0.13159909
-0.26839647
-0.15954223
-0.07237397
-0.34229409
-0.00604407
-0.15171509
0.12417415
0.14344059
0.46209796
-0.03865619
0.0429708
-0.20027401
-0.59112495
0.24852966
0.38788856
0.2083731
-0.00089194
0.13907331
-0.10022725
0.30121461
0.03846464
-0.02587067
0.00846162
-0.1670808
-0.19930039
-0.00604838
-0.09873032
-0.0254234
0.0775247
0.3216181
-0.02052744
-0.27428353
0.06937387
-0.21285569
0.23450563
0.25225289
0.46005602
0.19716632
-0.24190875
0.15294691
0.01816438
-0.14182999
0.03592629
-0.10425508
-0.38165851
-0.27818102
-0.56627505
-0.45473837
0.27097139
0.02283017
0.36461032
-1.07751041
-0.45244298
-0.61083377
-0.62664335
0.28162416
-0.23074263
0.57798074
0.36680044
-0.46036427
-0.29101468
-0.53342926
-0.98616798
-0.15207875
0.29787278
-0.37850576
0.33289555
0.6197199
0.63297765
0.43045286
0.78642525
0.72393431
0.31138303
0.18003902
0.52893925
-0.05485307
-0.09452262
-0.45242723
-0.24651077
0.16787386
0.37080472
0.25112956
0.44452011
-0.13776194
-0.10373888
0.31767093
0.13754803
-0.53490566
-0.19482945
0.16734356
-0.1103359
-0.35343118
0.07644622
0.45266931
-0.01274329
0.03266466
-0.08845406
0.02900222
0.27317351
0.04816865
-0.32912724
-0.22920883
-0.03921877
-0.44213136
-0.42091792
0.16287981
0.08251103
-0.14929828
-0.12305343
-0.2404671
0.12895996
0.04603943
-0.14698576
0.15868239
-0.17914437
0.2828852
0.05264049
0.03745108
-0.46675225
-0.46775529
-0.07680698
-0.19915751
0.1030814
-0.19496514
-0.09539642
-0.23124781
0.40925724
0.13535075
0.6440543
0.59689336
0.58702134
0.30071896
0.3908253
0.34229415
0.19178863
0.11484139
0.00494232
0.22926643
-0.01233829
0.05268148
0.69293481
0.43693091
0.60673092
0.49857273
-0.09862997
-0.31670046
-0.49000069
-0.18793186
-0.55580278
-0.58264856
-0.15783615
0.12885095
-0.04065239
-0.24360131
-0.52862224
-0.10244406
-0.33213388
-0.09379722
0.04005185
0.06334052
0.4309749
-0.22150909
-0.24521715
-0.23856326
-0.23769532
0.19538972
-0.04344805
0.01403908
-0.22270552
0.17758139
0.19763325
-0.19695002
0.25028059
-0.17253136
0.12145956
-0.38306166
-0.188284
0.45428094
0.46143281
0.00739907
0.34939075
0.12891478
0.03244095
-0.18061173
0.14921676
-0.00522538
-0.32441452
-0.28491452
0.16328908
0.12384538
-0.29870255
0.11003048
0.21361324
-0.79206324
-0.13755225
-0.1361405
-0.59914763
0.25283378
0.02746021
-0.37007924
-0.14865691
0.1658032
-0.02048453
0.01975321
0.04268634
0.06730506
0.10012414
-0.10973512
-0.27765812
-0.04132278
0.26144188
0.16604426
0.13114722
0.19343992
0.14232126
0.40135955
0.31267423
0.00147229
0.43910442
0.39859525
0.09191433
-0.01458287
0.70004339
0.57600987
0.27154145
0.71993489
-0.02365991
0.4597475
0.07335849
-0.11331698
0.36405285
0.59176044
0.3811205
0.67561456
-0.25531915
0.24081445
0.01191878
-0.11626058
0.97946732
0.84316191
0.92717327
0.94945684
-0.22989027
-0.12135273
-0.04109203
-0.1496104
-0.30497416
-0.37529818
-0.26800129
-0.18416576
-0.6892078
-0.12487637
-0.80633382
-0.19931164
0.07901145
0.08730701
-0.08292233
0.26540183
-0.0480967
-0.14407181
-0.61147858
-0.18685057
-1.11824543
-0.78134471
-0.78606096
-0.48667893
0.07699226
0.21471119
0.31654853
-0.11684092
0.13885844
-0.17274898
-0.49773715
-0.62917453
-0.20682397
-0.88241876
0.20512248
-0.42481333
0.11481792
-0.41395582
0.16307299
0.40957294
0.10200043
-0.31383587
0.10719763
-0.25004703
-0.24062886
0.42585248
0.55937069
1.05508316
0.90272286
0.20094565
0.40415534
-0.05493581
0.2180076
-0.34922623
0.40106797
-0.27645608
-0.10175356
0.03467508
0.16620164
0.35223595
-0.09302439
-0.0991325
0.11279271
0.4285568
0.32827775
0.03463131
0.06465553
-0.0527372
-0.31146402
-0.07388924
-0.0653461
0.06966328
-0.21332632
-0.2757055
-0.37535407
-0.46691491
-0.45116189
0.2615664
0.01161139
0.25847713
-0.0183925
-0.26005809
0.0220605
-0.03750814
0.12750444
0.02324829
-0.07675291
-0.17536525
-0.14297772
-0.31743244
-0.33213088
-0.55677616
0.10370877
0.00152121
-0.00541643
-0.2711939
-0.13059884
-0.54693926
0.07834558
-0.45600837
-0.25475227
-0.40137766
-0.12171873
-0.49577838
0.35048887
-0.23624769
-0.09797261
-0.76423699
0.16458063
-0.32305491
-0.40568745
-0.06389551
-0.10562094
0.1307859
-0.22253117
0.03840336
-0.0132443
0.05512753
0.08758424
0.12320199
0.13317018
0.2435205
-0.37064894
-0.2995627
0.05313875
-0.04422245
0.13756293
0.40635976
0.40581476
0.11203366
-0.25559997
-0.21011969
-0.34081495
-0.14003435
0.38013464
0.16281853
0.35635309
0.23671643
0.38451565
0.20268671
0.26598674
0.18590743
0.02636062
0.04543177
0.20897622
0.16094691
0.13488846
0.20239424
0.03660508
-0.24300268
-0.39871395
-0.30623866
0.15185742
0.21118518
-0.05768125
0.2727198
0.61847291
0.03963295
-0.17594286
0.13393637
-0.17118852
0.08426008
-0.30600871
-0.08117908
-0.40660333
0.07294678
-0.28461032
-0.06695139
-0.09322714
0.03217263
-0.24175154
0.03018507
-0.06404027
-0.05682757
-0.15072107
-0.05973293
-0.28607042
0.00990368
-0.08764844
-0.17092225
-0.21258478
-0.17418311
-0.03002926
-0.15538835
-0.45063552
-0.21198122
-0.45015944
-0.48925988
-0.46751464
-0.2716232
-0.45930012
-0.26649093
-0.26049717
-0.02464432
-0.23172538
0.42933495
0.5426415
0.34555827
0.52520333
1.48167075
1.20198208
1.39893834
1.07451511
-0.42317995
-0.09642728
0.05161293
0.10333998
-0.17771477
0.12923821
-0.40614035
-0.11773237
-0.18037065
0.11193701
0.25104609
0.42810451
0.15754005
-0.27516184
-0.0640385
-0.25630486
0.08450315
0.36828836
0.46027456
-0.19681014
-0.05451404
0.00070154
0.38378096
0.31087869
0.19998654
0.1337737
0.22596911
0.12611911
-0.25244169
-0.12465896
0.04869506
0.01798889
-0.26996671
0.04005984
0.20980843
0.10106443
-0.03991379
-0.27531503
-0.44161535
0.05601769
-0.02168064
-0.0032889
0.03832895
-0.10600801
-0.56670865
-0.28176824
-0.24965977
-0.09068583
-0.28849785
-0.48980608
0.14406937
-0.2180816
-0.24647095
-0.03846326
0.11229322
-0.10941119
-0.02556528
-0.13352329
0.39997271
-0.04786366
0.02205324
-0.41555617
-0.09068565
-0.13217155
-0.18169129
0.23356479
0.38764675
-0.46753786
-0.23411318
0.53005085
-0.35922583
0.3783898
-0.17928124
0.24496546
0.08943302
0.77400947
0.38988841
0.20490874
-0.17317989
-0.14661822
0.20027111
0.01635243
-0.31094222
-0.01333354
-0.16282023
-0.76711906
-0.15822675
0.29052997
0.36446404
-0.1210693
-0.23094218
-0.05036468
0.4378378
0.05854703
-0.03301697
0.16496117
-0.10397831
-0.05221902
0.13066947
-0.05644235
0.55370754
-0.36053059
-0.19395839
-0.08186962
0.23323689
0.08495574
-0.29685341
-0.02935348
-0.06877749
-0.49150925
0.1432245
0.08475532
0.17611825
-0.14329213
0.0514185
0.12190794
-0.12501542
0.00559378
1.23670031
1.09040183
1.40643332
1.08127842
-0.1843029
-0.20094102
-0.0009595
-0.18529
-0.15446996
-0.19014934
-0.20511415
-0.36182812
-0.4250037
-0.76029011
0.12943269
0.11534918
-0.10975594
-0.60799943
-0.04255391
-0.18621522
-0.39184142
