3e-2
1.407718456308738375e+01
1.606078784243151603e+01
9.790041991601681204e+00
2.041191761647670688e+01
1.606078784243151603e+01
1.606078784243151603e+01
1.606078784243151603e+01
1.606078784243151603e+01
1.561287742451509786e+01
6.910617876424716144e+00
1.606078784243151603e+01
9.790041991601681204e+00
1.561287742451509786e+01
1.394921015796840891e+01
1.394921015796840891e+01
1.606078784243151603e+01
1.394921015796840891e+01
1.561287742451509786e+01
1.420515896820635859e+01
1.606078784243151603e+01
7.806438712257548929e+00
2.041191761647670688e+01
1.606078784243151603e+01
1.394921015796840891e+01
1.606078784243151603e+01
1.606078784243151603e+01
2.041191761647670688e+01
1.420515896820635859e+01
1.055788842231553737e+01
1.222155568886222810e+01
7.806438712257548929e+00
2.533893221355729253e+01
1.330933813237352759e+01
2.041191761647670688e+01
1.855628874225154945e+01
1.222155568886222810e+01
1.407718456308738375e+01
7.294541091781644226e+00
1.407718456308738375e+01
2.041191761647670688e+01
1.798040391921615822e+01
1.798040391921615822e+01
1.407718456308738375e+01
2.533893221355729253e+01
1.420515896820635859e+01
1.132573485302939531e+01
1.798040391921615822e+01
1.087782443511297714e+01
6.910617876424716144e+00
9.662067586482704584e+00
2.188362327534493446e+01
1.298940211957608604e+01
2.041191761647670688e+01
8.062387522495500392e+00
1.209358128374325148e+01
1.055788842231553737e+01
2.533893221355729253e+01
1.055788842231553737e+01
2.533893221355729253e+01
1.055788842231553737e+01
1.222155568886222810e+01
4.415116976604679166e+00
9.790041991601681204e+00
1.407718456308738375e+01
1.055788842231553737e+01
8.382323535292941941e+00
2.188362327534493446e+01
1.209358128374325148e+01
1.407718456308738375e+01
6.654669066186763793e+00
1.023795240951809582e+01
2.041191761647670688e+01
9.278144371125774725e+00
1.330933813237352759e+01
1.855628874225154945e+01
1.055788842231553737e+01
6.910617876424716144e+00
4.415116976604679166e+00
2.533893221355729253e+01
4.415116976604679166e+00
1.298940211957608604e+01
1.177364527094581170e+01
1.298940211957608604e+01
1.394921015796840891e+01
1.330933813237352759e+01
2.533893221355729253e+01
1.772445510897820498e+01
8.382323535292941941e+00
2.815436912617477194e+00
1.298940211957608604e+01
1.055788842231553737e+01
1.055788842231553737e+01
1.055788842231553737e+01
2.815436912617477194e+00
6.654669066186763793e+00
3.903219356128774464e+00
1.298940211957608604e+01
1.330933813237352759e+01
2.041191761647670688e+01
9.790041991601681204e+00
4.415116976604679166e+00
2.041191761647670688e+01
1.055788842231553737e+01
1.330933813237352759e+01
4.415116976604679166e+00
1.606078784243151603e+01
1.298940211957608604e+01
1.126174765046990878e+01
2.041191761647670688e+01
2.188362327534493446e+01
7.806438712257548929e+00
1.298940211957608604e+01
4.415116976604679166e+00
1.855628874225154945e+01
1.055788842231553737e+01
1.298940211957608604e+01
8.382323535292941941e+00
8.446310737852428474e+00
1.855628874225154945e+01
7.294541091781644226e+00
1.798040391921615822e+01
1.209358128374325148e+01
7.294541091781644226e+00
7.806438712257548929e+00
1.855628874225154945e+01
1.394921015796840891e+01
1.055788842231553737e+01
6.910617876424716144e+00
1.798040391921615822e+01
1.798040391921615822e+01
8.382323535292941941e+00
9.278144371125774725e+00
1.407718456308738375e+01
7.870425914817037238e+00
1.394921015796840891e+01
8.382323535292941941e+00
2.815436912617477194e+00
2.533893221355729253e+01
2.533893221355729253e+01
1.394921015796840891e+01
1.055788842231553737e+01
8.062387522495500392e+00
1.254149170165966964e+01
1.798040391921615822e+01
9.790041991601681204e+00
9.662067586482704584e+00
9.278144371125774725e+00
7.870425914817037238e+00
9.278144371125774725e+00
6.654669066186763793e+00
1.055788842231553737e+01
1.798040391921615822e+01
1.087782443511297714e+01
1.298940211957608604e+01
4.415116976604679166e+00
1.132573485302939531e+01
1.222155568886222810e+01
1.055788842231553737e+01
1.081383723255348883e+01
1.798040391921615822e+01
1.407718456308738375e+01
2.188362327534493446e+01
1.561287742451509786e+01
2.041191761647670688e+01
3.903219356128774464e+00
2.041191761647670688e+01
6.910617876424716144e+00
8.446310737852428474e+00
1.855628874225154945e+01
1.119776044791041869e+01
1.087782443511297714e+01
8.382323535292941941e+00
1.855628874225154945e+01
1.407718456308738375e+01
1.407718456308738375e+01
9.790041991601681204e+00
1.266946610677864626e+01
1.010997800439912098e+01
1.606078784243151603e+01
1.055788842231553737e+01
1.055788842231553737e+01
2.533893221355729253e+01
7.678464307138572309e+00
1.420515896820635859e+01
9.790041991601681204e+00
1.209358128374325148e+01
9.662067586482704584e+00
1.407718456308738375e+01
4.735052989402120716e+00
2.533893221355729253e+01
2.041191761647670688e+01
9.278144371125774725e+00
1.606078784243151603e+01
1.055788842231553737e+01
1.055788842231553737e+01
1.394921015796840891e+01
9.790041991601681204e+00
2.041191761647670688e+01
1.394921015796840891e+01
1.606078784243151603e+01
1.606078784243151603e+01
1.394921015796840891e+01
2.041191761647670688e+01
7.870425914817037238e+00
7.870425914817037238e+00
1.394921015796840891e+01
9.790041991601681204e+00
1.561287742451509786e+01
1.606078784243151603e+01
1.394921015796840891e+01
1.394921015796840891e+01
1.606078784243151603e+01
2.041191761647670688e+01
1.420515896820635859e+01
2.188362327534493446e+01
2.188362327534493446e+01
1.420515896820635859e+01
1.606078784243151603e+01
9.790041991601681204e+00
2.041191761647670688e+01
1.606078784243151603e+01
1.606078784243151603e+01
1.606078784243151603e+01
1.606078784243151603e+01
2.041191761647670688e+01
2.188362327534493446e+01
2.188362327534493446e+01
1.606078784243151603e+01
9.790041991601681204e+00
1.561287742451509786e+01
1.394921015796840891e+01
1.606078784243151603e+01
1.394921015796840891e+01
1.394921015796840891e+01
1.561287742451509786e+01
1.055788842231553737e+01
1.055788842231553737e+01
1.055788842231553737e+01
6.974605078984204454e+00
2.533893221355729253e+01
1.132573485302939531e+01
6.782643471305739524e+00
2.815436912617477194e+00
1.298940211957608604e+01
1.798040391921615822e+01
1.209358128374325148e+01
1.209358128374325148e+01
9.790041991601681204e+00
7.806438712257548929e+00
7.806438712257548929e+00
2.041191761647670688e+01
1.561287742451509786e+01
1.209358128374325148e+01
1.798040391921615822e+01
1.055788842231553737e+01
1.222155568886222810e+01
1.330933813237352759e+01
2.041191761647670688e+01
1.407718456308738375e+01
4.415116976604679166e+00
1.420515896820635859e+01
1.023795240951809582e+01
6.974605078984204454e+00
1.772445510897820498e+01
9.278144371125774725e+00
1.606078784243151603e+01
9.662067586482704584e+00
6.654669066186763793e+00
2.533893221355729253e+01
2.533893221355729253e+01
7.294541091781644226e+00
1.254149170165966964e+01
1.855628874225154945e+01
1.855628874225154945e+01
7.806438712257548929e+00
1.606078784243151603e+01
1.087782443511297714e+01
2.533893221355729253e+01
1.407718456308738375e+01
1.298940211957608604e+01
9.278144371125774725e+00
1.798040391921615822e+01
7.870425914817037238e+00
7.806438712257548929e+00
1.855628874225154945e+01
6.974605078984204454e+00
1.772445510897820498e+01
1.798040391921615822e+01
1.772445510897820498e+01
2.041191761647670688e+01
1.298940211957608604e+01
4.735052989402120716e+00
1.055788842231553737e+01
2.533893221355729253e+01
1.055788842231553737e+01
1.420515896820635859e+01
6.910617876424716144e+00
1.055788842231553737e+01
1.420515896820635859e+01
1.394921015796840891e+01
9.790041991601681204e+00
1.561287742451509786e+01
1.606078784243151603e+01
1.394921015796840891e+01
1.394921015796840891e+01
1.606078784243151603e+01
2.041191761647670688e+01
6.910617876424716144e+00
1.606078784243151603e+01
7.806438712257548929e+00
1.561287742451509786e+01
1.606078784243151603e+01
1.606078784243151603e+01
1.394921015796840891e+01
1.606078784243151603e+01
1.561287742451509786e+01
1.055788842231553737e+01
1.394921015796840891e+01
9.790041991601681204e+00
2.041191761647670688e+01
1.394921015796840891e+01
1.394921015796840891e+01
1.394921015796840891e+01
1.394921015796840891e+01
2.041191761647670688e+01
1.055788842231553737e+01
1.420515896820635859e+01
6.910617876424716144e+00
1.055788842231553737e+01
7.806438712257548929e+00
6.910617876424716144e+00
1.055788842231553737e+01
1.055788842231553737e+01
6.910617876424716144e+00
7.806438712257548929e+00
2.533893221355729253e+01
2.188362327534493446e+01
1.081383723255348883e+01
2.533893221355729253e+01
1.081383723255348883e+01
4.735052989402120716e+00
2.041191761647670688e+01
9.726054789042192894e+00
1.177364527094581170e+01
1.266946610677864626e+01
1.772445510897820498e+01
4.415116976604679166e+00
1.561287742451509786e+01
2.041191761647670688e+01
1.420515896820635859e+01
1.132573485302939531e+01
2.041191761647670688e+01
2.041191761647670688e+01
4.735052989402120716e+00
1.798040391921615822e+01
8.382323535292941941e+00
2.041191761647670688e+01
4.735052989402120716e+00
2.188362327534493446e+01
2.041191761647670688e+01
1.561287742451509786e+01
1.420515896820635859e+01
1.420515896820635859e+01
2.041191761647670688e+01
2.041191761647670688e+01
6.654669066186763793e+00
2.041191761647670688e+01
6.654669066186763793e+00
1.247750449910018133e+01
6.654669066186763793e+00
2.041191761647670688e+01
2.533893221355729253e+01
1.247750449910018133e+01
7.806438712257548929e+00
1.132573485302939531e+01
1.330933813237352759e+01
7.806438712257548929e+00
1.798040391921615822e+01
9.790041991601681204e+00
2.041191761647670688e+01
7.038592281543691875e+00
2.533893221355729253e+01
2.041191761647670688e+01
2.188362327534493446e+01
9.278144371125774725e+00
9.662067586482704584e+00
1.119776044791041869e+01
1.606078784243151603e+01
1.209358128374325148e+01
1.420515896820635859e+01
1.023795240951809582e+01
2.815436912617477194e+00
1.132573485302939531e+01
2.041191761647670688e+01
1.772445510897820498e+01
1.407718456308738375e+01
1.420515896820635859e+01
1.330933813237352759e+01
1.407718456308738375e+01
1.087782443511297714e+01
2.815436912617477194e+00
1.126174765046990878e+01
1.798040391921615822e+01
1.222155568886222810e+01
1.606078784243151603e+01
1.023795240951809582e+01
1.298940211957608604e+01
2.533893221355729253e+01
6.654669066186763793e+00
1.330933813237352759e+01
1.010997800439912098e+01
6.910617876424716144e+00
2.533893221355729253e+01
1.177364527094581170e+01
1.132573485302939531e+01
6.654669066186763793e+00
2.533893221355729253e+01
4.735052989402120716e+00
6.974605078984204454e+00
9.790041991601681204e+00
1.222155568886222810e+01
2.041191761647670688e+01
6.654669066186763793e+00
2.815436912617477194e+00
1.209358128374325148e+01
1.330933813237352759e+01
1.209358128374325148e+01
1.132573485302939531e+01
7.678464307138572309e+00
2.533893221355729253e+01
1.330933813237352759e+01
2.188362327534493446e+01
3.903219356128774464e+00
1.772445510897820498e+01
1.798040391921615822e+01
6.654669066186763793e+00
2.533893221355729253e+01
2.533893221355729253e+01
2.533893221355729253e+01
1.119776044791041869e+01
1.055788842231553737e+01
2.533893221355729253e+01
8.254349130173965321e+00
1.772445510897820498e+01
2.041191761647670688e+01
9.662067586482704584e+00
1.772445510897820498e+01
1.798040391921615822e+01
1.132573485302939531e+01
2.533893221355729253e+01
6.910617876424716144e+00
8.382323535292941941e+00
2.041191761647670688e+01
1.772445510897820498e+01
1.330933813237352759e+01
1.209358128374325148e+01
2.041191761647670688e+01
9.790041991601681204e+00
1.209358128374325148e+01
1.247750449910018133e+01
1.177364527094581170e+01
2.041191761647670688e+01
6.974605078984204454e+00
1.407718456308738375e+01
5.118976204759049242e-01
1.000000000000000000e+01
